    tags    | created_on 
------------+------------
 17         | 1754509980
 18         | 1754423580
 19         | 1754337180
 20         | 1754250780
 21         | 1754164380
 22         | 1754077980
 23         | 1753991580
 24         | 1753905180
 25         | 1753818780
 26         | 1753732380
 27         | 1753645980
 28         | 1753559580
 29         | 1753473180
 30         | 1753386780
 31         | 1753300380
 32         | 1753213980
 33         | 1753127580
 34         | 1753041180
 Correct    | 1753014642
 Fffff      | 1753014588
 35         | 1752954780
 36         | 1752868380
 37         | 1752781980
 38         | 1752695580
 39         | 1752609180
 40         | 1752522780
 Q          | 1752448648
 A          | 1752448194
 D          | 1752441922
 41         | 1752436380
 R          | 1752424423
 Mr         | 1752419998
 M          | 1752419110
 42         | 1752349980
 43         | 1752263580
 D          | 1752188212
 44         | 1752177180
 45         | 1752090780
 46         | 1752004380
 47         | 1751917980
 Hh         | 1751909050
 48         | 1751831580
 S          | 1751808584
 A          | 1751808215
 49         | 1751745180
 50         | 1751658780
 51         | 1751572380
 52         | 1751485980
 53         | 1751399580
 54         | 1751313180
 55         | 1751226780
 56         | 1751140380
 57         | 1751053980
 As         | 1750968535
 58         | 1750967580
 Dhdhh      | 1750962933
 59         | 1750881180
 Ddxrdfffre | 1750794780
 60         | 1750794780
 16         | 1750794780
(60 rows)

